(+1 +20 -13 -10 +4 +19 +11 +16 +5 -3 -18 +14 -7 +17 +8 -6 -2 +9 -12 +15)
(+1 +2 +6 -8 -17 +7 -14 +18 +3 -5 -16 -11 -19 -4 +10 +13 -20 +9 -12 +15)
(+1 +2 -3 -18 +14 -7 +17 +8 -6 -5 -16 -11 -19 -4 +10 +13 -20 +9 -12 +15)
(+1 +2 +3 -18 +14 -7 +17 +8 -6 -5 -16 -11 -19 -4 +10 +13 -20 +9 -12 +15)
(+1 +2 +3 +4 +19 +11 +16 +5 +6 -8 -17 +7 -14 +18 +10 +13 -20 +9 -12 +15)
(+1 +2 +3 +4 -5 -16 -11 -19 +6 -8 -17 +7 -14 +18 +10 +13 -20 +9 -12 +15)
(+1 +2 +3 +4 +5 -16 -11 -19 +6 -8 -17 +7 -14 +18 +10 +13 -20 +9 -12 +15)
(+1 +2 +3 +4 +5 -6 +19 +11 +16 -8 -17 +7 -14 +18 +10 +13 -20 +9 -12 +15)
(+1 +2 +3 +4 +5 +6 +19 +11 +16 -8 -17 +7 -14 +18 +10 +13 -20 +9 -12 +15)
(+1 +2 +3 +4 +5 +6 -7 +17 +8 -16 -11 -19 -14 +18 +10 +13 -20 +9 -12 +15)
(+1 +2 +3 +4 +5 +6 +7 +17 +8 -16 -11 -19 -14 +18 +10 +13 -20 +9 -12 +15)
(+1 +2 +3 +4 +5 +6 +7 -8 -17 -16 -11 -19 -14 +18 +10 +13 -20 +9 -12 +15)
(+1 +2 +3 +4 +5 +6 +7 +8 -17 -16 -11 -19 -14 +18 +10 +13 -20 +9 -12 +15)
(+1 +2 +3 +4 +5 +6 +7 +8 -9 +20 -13 -10 -18 +14 +19 +11 +16 +17 -12 +15)
(+1 +2 +3 +4 +5 +6 +7 +8 +9 +20 -13 -10 -18 +14 +19 +11 +16 +17 -12 +15)
(+1 +2 +3 +4 +5 +6 +7 +8 +9 +10 +13 -20 -18 +14 +19 +11 +16 +17 -12 +15)
(+1 +2 +3 +4 +5 +6 +7 +8 +9 +10 -11 -19 -14 +18 +20 -13 +16 +17 -12 +15)
(+1 +2 +3 +4 +5 +6 +7 +8 +9 +10 +11 -19 -14 +18 +20 -13 +16 +17 -12 +15)
(+1 +2 +3 +4 +5 +6 +7 +8 +9 +10 +11 +12 -17 -16 +13 -20 -18 +14 +19 +15)
(+1 +2 +3 +4 +5 +6 +7 +8 +9 +10 +11 +12 -13 +16 +17 -20 -18 +14 +19 +15)
(+1 +2 +3 +4 +5 +6 +7 +8 +9 +10 +11 +12 +13 +16 +17 -20 -18 +14 +19 +15)
(+1 +2 +3 +4 +5 +6 +7 +8 +9 +10 +11 +12 +13 -14 +18 +20 -17 -16 +19 +15)
(+1 +2 +3 +4 +5 +6 +7 +8 +9 +10 +11 +12 +13 +14 +18 +20 -17 -16 +19 +15)
(+1 +2 +3 +4 +5 +6 +7 +8 +9 +10 +11 +12 +13 +14 -15 -19 +16 +17 -20 -18)
(+1 +2 +3 +4 +5 +6 +7 +8 +9 +10 +11 +12 +13 +14 +15 -19 +16 +17 -20 -18)
(+1 +2 +3 +4 +5 +6 +7 +8 +9 +10 +11 +12 +13 +14 +15 -16 +19 +17 -20 -18)
(+1 +2 +3 +4 +5 +6 +7 +8 +9 +10 +11 +12 +13 +14 +15 +16 +19 +17 -20 -18)
(+1 +2 +3 +4 +5 +6 +7 +8 +9 +10 +11 +12 +13 +14 +15 +16 -17 -19 -20 -18)
(+1 +2 +3 +4 +5 +6 +7 +8 +9 +10 +11 +12 +13 +14 +15 +16 +17 -19 -20 -18)
(+1 +2 +3 +4 +5 +6 +7 +8 +9 +10 +11 +12 +13 +14 +15 +16 +17 +18 +20 +19)
(+1 +2 +3 +4 +5 +6 +7 +8 +9 +10 +11 +12 +13 +14 +15 +16 +17 +18 -19 -20)
(+1 +2 +3 +4 +5 +6 +7 +8 +9 +10 +11 +12 +13 +14 +15 +16 +17 +18 +19 -20)
(+1 +2 +3 +4 +5 +6 +7 +8 +9 +10 +11 +12 +13 +14 +15 +16 +17 +18 +19 +20)